111110101
000011110
000010000
000101110
000011111
000101011
000111110
100001101
000110100
000011000
000111110
100001101
000010000
000001000
001001110
000111111
001000100
001011110
100000101
001101110
100000101
001011010
100001101
001010010
001100000
001011111
100001100
001011110
100010101
001101010
100000101
001101110
001101111
001111110
101111101
100100011
010001110
101110101
010000000
000110010
010001110
100000101
001000010
010011110
010001111
010010100
001011110
100000101
001101110
100000101
001011010
100001101
001010010
001100000
001011111
100001100
001011110
100010101
001101010
100000101
001101110
100000101
010101110
100001101
000110010
001100100
100011011
010100000
010101110
101111101
100100011
000110010
010001110
101110101
100100011
001000010
010011110
010001111
010010100
001011110
100000101
001101110
100000101
001011010
100001101
001010010
001100000
001011111
100001100
001011110
100010101
001101010
100000101
001101110
110000101
001000010
100100100
001100100
100010011
010100000
010101110
101100101
100100011
010001110
101100101
010000000
000110010
010001110
101100101
100100011
010011110
101000101
010010000
001000010
010011110
010001111
010010100
001011110
100000101
001101110
100000101
001011010
100001101
001010010
001100000
001011111
100001100
001011110
100010101
001101010
100000101
001101110
100100101
001000010
100010100
001100100
100001011
010100000
010101110
101010101
100100011
010001110
101010101
010000000
000110010
010001110
101010101
100100011
010011110
101000101
010010000
001000010
010011110
010001111
010010100
001011110
100000101
001101110
100000101
001011010
100001101
001010010
001100000
001011111
100001100
001011110
100010101
001101010
100000101
001101110
100010101
001000010
100001100
001100100
010100000
010101110
101110101
100100011
000110010
100101100
010001110
101110101
100100011
010011110
101000101
010010000
001000010
100011100
010011110
100001101
010010010
010111110
010011111
100001100
010110000
010011110
111110101
000110010
100011011
010010000
010011110
100001101
001111010
100100101
100100011
010000000
010001110
100011101
010101010
100101101
010101010
100110101
010101010
100111101
010101010
101001101
010101010
101010101
010101010
101011101
010101010
101100101
010101010
101101101
010101010
101110101
010101010
101111101
010101010
100001101
010010100
010011110
100010101
010010100
010011110
100100101
010010100
010011110
101000101
010010100
010011110
110000101
010010100
010011110
100010101
100100011
010010100
010011110
100100101
100100011
010010100
010011110
101000101
100100011
010010100
010011110
100001101
010000100
010001110
100010101
010000100
010001110
100100101
010000100
010001110
010101010
101000101
100100011
010000000
010001110
111110101
010111110
000011111
010110001
010111110
010001111
010111001
111101101
010111110
000011111
010110001
010111110
010011111
010111001
100010101
000010000
000011110
100000110
