111110101
000011110
000010000
000101110
000011000
000111110
100001101
000010000
000001000
001001110
000111111
001000100
000000101
001111110
101111111
001000010
000000101
001101110
100000101
010101110
100001101
001000010
001100100
100011011
010100000
010101110
101110111
001000010
010011110
101100111
000110010
010010100
000000101
001101110
110000101
000110010
100100100
001100100
100010011
010100000
010101110
101011111
001000010
010011110
101010111
000110010
010010100
000000101
001101110
100100101
000110010
100010100
001100100
100001011
010100000
010101110
101001111
001000010
010011110
101000111
000110010
010010100
000000101
001101110
100010101
000110010
100001100
001100100
010100000
010101110
101100111
001000010
100101100
010011110
101101111
000110010
100011100
010001110
100001101
010000010
010111110
010001111
100001100
010110000
010001110
111110101
001000010
100011011
010000000
010001110
110010111
001011110
100001101
001111010
001011100
010101010
010111110
100001101
010110100
100111011
010010000
010011110
110111111
000001101
100100111
010010000
010011110
110111111
001011110
100011101
010111110
010101111
010111011
001011100
110011111
001011110
100011101
010101010
001011100
110111111
001011110
100100101
010101010
001011100
110100111
001011110
101000101
010111110
010101111
010111011
001011100
110111111
001011110
101000101
010101010
001011100
110101111
001011110
101101101
010111110
010101111
010111011
001011100
101101101
010111110
010101111
010110001
010111110
100001101
010110110
010010100
010011110
110111111
000001101
100011101
010111110
110110111
000001101
100100101
010111110
110110111
000001101
100101101
010111110
010101111
010110001
010111110
100001101
010110110
010000100
010001110
000011111
111110001
010111110
010001111
010111001
000011111
111101001
010111110
010011111
010111001
100010101
000010000
000011110
110001111
001011110
000011111
000101011
001011100
100000110
