000010000
001100000
000000001
011110010
011110010
011110010
000000001
011110010
011110010
011110010
011110010
000000001
011110010
011110010
011110010
000000001
011110010
011110010
011110010
011110010
000000001
011110010
011110010
000000001
011110010
011110010
011110010
011110010
011110010
000000001
011110010
011110010
000000001
011110010
011110010
011110010
011110010
011110010
000000001
011110010
011110010
011110010
000000001
011110010
011110010
011110010
011110010
011110010
011110010
011110010
011110010
000000001
000010000
000000001
001010010
001100011
010000011
000000001
000010000
000000001
001010010
001100011
011110010
001110011
011000011
010110011
010100011
100000110
