100000101
000011110
000011000
000101110
100001101
000010000
000001000
000111110
100001101
011111110
111110101
010011110
000110101
010001110
101110111
000100010
000000101
010000100
010001110
000110101
001001110
100111111
000100010
000000101
001000100
001001110
100110101
000110010
000000101
011001110
100110111
000100010
000000101
011000100
011001110
100101101
000110010
000000101
010111110
100101111
000100010
000000101
010110100
010111110
000111111
000100100
000000101
010101110
010101111
010000100
001000100
011000100
010110100
010101110
111111101
000010000
011101110
101110111
001011110
000111111
100101011
001101110
000101111
001010010
100011100
001100011
010000011
011101001
111110101
000010000
011011110
101110101
001011110
000101111
001010010
100100011
001101110
001001111
100100011
001100011
001101110
000101111
011110010
100011011
001111110
011001111
100010011
011001110
010111111
100001011
010111110
001101111
001110011
011000011
010110011
010100011
011011001
100010101
001101110
000011111
001100000
000011110
110000111
001111110
000011111
010011011
001111100
100000110
